user_id,sc1,sc2,sc3,sc4,sc5,sc6,sc7,sc8,mc1_1,mc1_2,mc1_3,mc1_4,mc1_5,mc1_6,mc1_7,mc1_8,mc1_9,mc2_1,mc2_2,mc2_3,mc2_4,mc2_5,mc2_6,mc2_7,mc2_8,mc2_9
ubeatr32,1,0,1,1,0,1,0,1,0,0,0,0,0,0,0,1,-1,-1,-1,-1,-1,-1,-1,-1,-1,-1
popop00,1,1,1,1,1,1,0,0,1,0,0,0,1,0,1,0,0,0,0,0,0,0,0,0,0,0
v280096,1,0,1,0,1,1,1,0,0,0,0,0,0,0,0,0,-1,-1,-1,-1,-1,-1,-1,-1,-1,-1
edar520,0,0,0,1,1,1,0,1,0,1,0,0,1,1,1,0,-1,-1,-1,-1,-1,-1,-1,-1,-1,-1
Chia1117,1,1,1,1,1,1,0,1,1,1,0,0,0,0,0,0,-1,-1,-1,-1,-1,-1,-1,-1,-1,-1
lsh770301,0,0,1,1,1,1,0,1,1,1,1,0,1,0,0,0,-1,-1,-1,-1,-1,-1,-1,-1,-1,-1
super696x,1,0,1,1,1,1,0,1,0,1,1,0,1,0,0,0,-1,-1,-1,-1,-1,-1,-1,-1,-1,-1
R0903,1,1,1,1,0,0,0,0,0,0,0,0,0,0,0,0,-1,-1,-1,-1,-1,-1,-1,-1,-1,-1
sheryl60122,1,0,1,1,1,1,0,0,0,1,0,0,0,0,0,0,-1,-1,-1,-1,-1,-1,-1,-1,-1,-1
snowcyn32,1,0,1,1,1,1,0,0,0,1,0,0,1,0,0,0,-1,-1,-1,-1,-1,-1,-1,-1,-1,-1
hunterex,1,1,1,1,0,1,0,0,1,1,1,0,1,0,0,0,-1,-1,-1,-1,-1,-1,-1,-1,-1,-1
cotulip,1,0,1,1,1,1,0,0,0,1,1,1,1,0,0,0,-1,-1,-1,-1,-1,-1,-1,-1,-1,-1
MerfolkX,1,1,0,1,0,1,0,1,0,0,0,1,1,0,0,0,-1,-1,-1,-1,-1,-1,-1,-1,-1,-1
d12345890,1,1,1,1,1,1,0,1,1,0,0,0,1,0,0,0,-1,-1,-1,-1,-1,-1,-1,-1,-1,-1
zola1201,1,0,1,1,1,1,0,0,1,1,0,0,1,0,0,0,-1,-1,-1,-1,-1,-1,-1,-1,-1,-1
jwu618,1,1,1,1,0,1,0,1,0,1,0,0,1,1,0,0,-1,-1,-1,-1,-1,-1,-1,-1,-1,-1
seau,1,0,1,1,1,1,0,0,1,0,0,0,1,0,0,0,-1,-1,-1,-1,-1,-1,-1,-1,-1,-1
comicholic,1,0,1,1,1,1,0,0,1,1,1,0,1,0,0,0,-1,-1,-1,-1,-1,-1,-1,-1,-1,-1
facepaper,1,1,1,1,1,1,0,1,0,1,1,0,1,0,1,0,-1,-1,-1,-1,-1,-1,-1,-1,-1,-1
wfuw,1,1,1,1,0,0,0,0,0,0,0,0,0,0,0,0,-1,-1,-1,-1,-1,-1,-1,-1,-1,-1
mag760628,1,0,1,1,1,1,0,0,1,0,1,0,1,0,0,0,-1,-1,-1,-1,-1,-1,-1,-1,-1,-1
biolife1002,1,1,1,0,0,0,0,0,0,0,0,0,0,0,0,0,-1,-1,-1,-1,-1,-1,-1,-1,-1,-1
sm1831azx,1,1,1,1,0,1,1,1,0,1,1,1,1,1,0,0,-1,-1,-1,-1,-1,-1,-1,-1,-1,-1
meastar,1,1,1,1,1,1,0,1,1,1,0,0,0,0,0,1,-1,-1,-1,-1,-1,-1,-1,-1,-1,-1
sunnycat,1,1,1,1,1,1,1,1,1,1,1,0,1,0,0,0,-1,-1,-1,-1,-1,-1,-1,-1,-1,-1
ronica90274,1,0,0,1,1,1,0,0,0,1,1,0,1,0,0,0,-1,-1,-1,-1,-1,-1,-1,-1,-1,-1
shoes1117,1,0,1,1,1,1,0,1,1,1,1,1,1,0,0,0,-1,-1,-1,-1,-1,-1,-1,-1,-1,-1
tim814,1,1,1,1,1,1,0,1,1,0,1,1,1,1,1,0,-1,-1,-1,-1,-1,-1,-1,-1,-1,-1
myonlyspace,1,0,1,1,1,1,0,0,0,1,1,0,1,0,0,0,-1,-1,-1,-1,-1,-1,-1,-1,-1,-1
simple11,1,1,1,1,1,1,0,1,1,0,1,0,0,0,0,0,-1,-1,-1,-1,-1,-1,-1,-1,-1,-1
Effie1027,1,1,1,0,0,1,0,0,1,1,1,0,1,1,1,0,-1,-1,-1,-1,-1,-1,-1,-1,-1,-1
mgky,0,0,1,1,1,1,0,0,1,0,1,0,1,0,0,0,-1,-1,-1,-1,-1,-1,-1,-1,-1,-1
zooz,1,1,1,1,1,1,0,1,0,1,0,0,1,0,0,0,-1,-1,-1,-1,-1,-1,-1,-1,-1,-1
nest,1,1,1,1,1,1,0,1,1,1,1,1,1,1,0,1,-1,-1,-1,-1,-1,-1,-1,-1,-1,-1
judy2475,1,0,1,1,1,0,0,1,0,0,0,0,0,0,0,0,-1,-1,-1,-1,-1,-1,-1,-1,-1,-1
geminilai,1,1,1,1,1,0,0,1,0,0,0,0,0,0,0,0,-1,-1,-1,-1,-1,-1,-1,-1,-1,-1
t0i8n1a6,1,1,1,1,1,1,0,0,0,1,1,1,1,0,0,0,-1,-1,-1,-1,-1,-1,-1,-1,-1,-1
shengail,1,0,1,1,1,1,0,0,0,1,0,0,1,1,0,0,-1,-1,-1,-1,-1,-1,-1,-1,-1,-1
girlegg,1,1,1,1,1,1,0,0,1,1,1,0,1,0,0,0,-1,-1,-1,-1,-1,-1,-1,-1,-1,-1
infin34,1,1,1,1,0,1,1,1,0,1,0,0,1,0,0,0,-1,-1,-1,-1,-1,-1,-1,-1,-1,-1
fifififinna,1,1,0,1,1,1,0,1,1,1,0,0,1,0,0,0,-1,-1,-1,-1,-1,-1,-1,-1,-1,-1
pobby,1,1,1,1,1,1,1,1,0,1,0,0,1,1,0,0,-1,-1,-1,-1,-1,-1,-1,-1,-1,-1
maxbian,1,1,1,1,1,1,0,1,1,1,1,0,1,1,0,0,-1,-1,-1,-1,-1,-1,-1,-1,-1,-1
awangya,1,1,1,1,1,1,0,1,1,0,1,1,1,1,0,0,-1,-1,-1,-1,-1,-1,-1,-1,-1,-1
pecko,1,1,1,1,1,1,1,1,0,1,0,0,0,0,0,1,-1,-1,-1,-1,-1,-1,-1,-1,-1,-1
dowpoubibibi,1,1,1,1,1,1,0,1,1,0,0,0,1,0,0,1,-1,-1,-1,-1,-1,-1,-1,-1,-1,-1
chiachiakuo,1,1,1,0,0,1,0,1,1,1,1,1,1,1,1,0,-1,-1,-1,-1,-1,-1,-1,-1,-1,-1
toroayu,1,1,1,1,1,1,1,1,1,1,0,0,1,0,0,0,-1,-1,-1,-1,-1,-1,-1,-1,-1,-1
aittting,1,1,1,1,1,1,0,0,0,1,0,0,0,0,0,0,-1,-1,-1,-1,-1,-1,-1,-1,-1,-1
joyjoey,1,1,1,1,1,1,1,1,1,1,1,1,1,1,1,0,-1,-1,-1,-1,-1,-1,-1,-1,-1,-1
queena123,1,0,1,0,1,0,0,0,0,0,0,0,0,0,0,0,-1,-1,-1,-1,-1,-1,-1,-1,-1,-1
stom,1,0,1,1,1,1,0,0,1,0,0,0,0,0,0,0,-1,-1,-1,-1,-1,-1,-1,-1,-1,-1
axd829x,1,1,1,1,1,1,0,0,1,1,0,0,1,0,0,0,-1,-1,-1,-1,-1,-1,-1,-1,-1,-1
fish523420,1,0,0,0,0,1,0,1,0,1,0,0,0,0,0,0,-1,-1,-1,-1,-1,-1,-1,-1,-1,-1
foreverpeng,0,0,1,1,1,1,0,1,1,1,1,0,1,0,0,0,-1,-1,-1,-1,-1,-1,-1,-1,-1,-1
Erikayar,1,1,1,1,1,1,0,1,1,1,1,1,1,0,0,0,-1,-1,-1,-1,-1,-1,-1,-1,-1,-1
teena,1,1,1,1,1,1,0,0,0,1,1,0,1,0,0,0,-1,-1,-1,-1,-1,-1,-1,-1,-1,-1
cutefish514,1,1,1,0,1,1,0,0,1,0,0,1,0,0,0,0,-1,-1,-1,-1,-1,-1,-1,-1,-1,-1
lyt2410877,1,1,1,1,1,1,0,0,1,0,1,1,1,0,0,0,-1,-1,-1,-1,-1,-1,-1,-1,-1,-1
chichi050020,1,1,0,1,0,0,1,1,0,0,0,0,0,0,0,0,-1,-1,-1,-1,-1,-1,-1,-1,-1,-1
debyjeng,1,1,0,1,1,0,0,0,0,0,0,0,0,0,0,0,-1,-1,-1,-1,-1,-1,-1,-1,-1,-1
newwander,1,1,1,0,0,1,1,1,1,0,1,0,1,0,0,0,-1,-1,-1,-1,-1,-1,-1,-1,-1,-1
yally,1,0,1,1,1,1,0,0,0,1,1,1,1,0,0,0,-1,-1,-1,-1,-1,-1,-1,-1,-1,-1
crazygrass,1,1,1,1,1,1,0,1,0,1,1,1,0,0,0,0,-1,-1,-1,-1,-1,-1,-1,-1,-1,-1
takobite,1,1,1,1,1,1,0,0,0,1,1,0,0,0,0,0,-1,-1,-1,-1,-1,-1,-1,-1,-1,-1
csjieyu,1,1,1,1,1,1,0,1,1,1,1,0,1,0,0,0,-1,-1,-1,-1,-1,-1,-1,-1,-1,-1
magicboy61,1,1,1,1,1,0,0,1,0,0,0,0,0,0,0,0,-1,-1,-1,-1,-1,-1,-1,-1,-1,-1
greennicky,1,1,0,1,1,1,0,1,1,1,1,0,1,0,1,0,-1,-1,-1,-1,-1,-1,-1,-1,-1,-1
yosheming,1,1,1,1,1,1,0,1,0,1,1,0,1,0,0,0,-1,-1,-1,-1,-1,-1,-1,-1,-1,-1
isaacking333,1,1,1,1,1,1,0,0,1,1,1,1,1,0,0,0,-1,-1,-1,-1,-1,-1,-1,-1,-1,-1
elsa0116,1,1,0,1,1,1,0,0,0,1,1,0,0,0,0,0,-1,-1,-1,-1,-1,-1,-1,-1,-1,-1
lightpink1,1,1,1,1,1,1,0,0,1,1,1,1,1,1,1,1,-1,-1,-1,-1,-1,-1,-1,-1,-1,-1
myiska,1,0,1,1,1,1,0,1,0,1,1,1,1,0,0,0,-1,-1,-1,-1,-1,-1,-1,-1,-1,-1
hokiokla,1,0,0,1,1,1,0,1,0,1,1,1,1,0,1,0,-1,-1,-1,-1,-1,-1,-1,-1,-1,-1
matt76318,1,0,1,1,1,1,0,1,0,1,0,0,0,0,0,0,-1,-1,-1,-1,-1,-1,-1,-1,-1,-1
smaljohn,0,0,1,1,1,0,0,0,0,0,0,0,0,0,0,0,-1,-1,-1,-1,-1,-1,-1,-1,-1,-1
maybook,1,1,0,1,1,0,0,1,0,0,0,0,0,0,0,0,-1,-1,-1,-1,-1,-1,-1,-1,-1,-1
ducksteven,1,1,0,1,0,1,0,0,0,0,0,0,1,0,0,0,-1,-1,-1,-1,-1,-1,-1,-1,-1,-1
mayrock,1,0,1,0,1,1,1,1,1,1,1,0,1,0,0,0,-1,-1,-1,-1,-1,-1,-1,-1,-1,-1
herman602,1,1,1,0,0,0,0,0,0,0,0,0,0,0,0,0,-1,-1,-1,-1,-1,-1,-1,-1,-1,-1
mimigirln,1,1,1,1,0,0,0,1,0,0,0,0,0,0,0,0,-1,-1,-1,-1,-1,-1,-1,-1,-1,-1
mars2903,1,1,1,0,0,1,0,0,0,1,1,0,0,1,0,0,-1,-1,-1,-1,-1,-1,-1,-1,-1,-1
oxfranklin,0,0,1,1,1,1,0,0,1,0,0,0,0,0,0,0,-1,-1,-1,-1,-1,-1,-1,-1,-1,-1
dawnvoice,1,1,1,1,1,0,1,1,0,0,0,0,0,0,0,0,-1,-1,-1,-1,-1,-1,-1,-1,-1,-1
titanick,1,1,1,1,1,1,0,0,1,1,0,0,0,0,0,0,-1,-1,-1,-1,-1,-1,-1,-1,-1,-1
mp607,1,1,0,1,1,1,1,1,1,0,0,0,0,0,0,0,-1,-1,-1,-1,-1,-1,-1,-1,-1,-1
lightful,1,1,1,1,1,1,0,1,0,1,1,0,1,0,0,0,-1,-1,-1,-1,-1,-1,-1,-1,-1,-1
ananyu,1,1,1,1,1,0,0,0,0,0,0,0,0,0,0,0,-1,-1,-1,-1,-1,-1,-1,-1,-1,-1
alice2,1,0,0,1,1,1,0,0,0,1,0,0,1,0,0,0,-1,-1,-1,-1,-1,-1,-1,-1,-1,-1
match000,1,1,1,0,0,1,0,1,0,1,0,0,0,1,1,0,-1,-1,-1,-1,-1,-1,-1,-1,-1,-1
ritadeng2,1,0,1,1,1,1,0,1,1,1,1,1,1,0,0,0,-1,-1,-1,-1,-1,-1,-1,-1,-1,-1
suvivi,1,1,1,1,1,0,0,1,0,0,0,0,0,0,0,0,-1,-1,-1,-1,-1,-1,-1,-1,-1,-1
bbyang,0,0,1,1,1,1,0,0,1,1,1,0,1,0,0,0,-1,-1,-1,-1,-1,-1,-1,-1,-1,-1
toma510,1,1,1,1,1,1,0,1,0,0,1,0,1,0,0,0,-1,-1,-1,-1,-1,-1,-1,-1,-1,-1
ezoz42557,1,0,1,1,1,1,0,0,1,1,1,0,1,0,0,0,-1,-1,-1,-1,-1,-1,-1,-1,-1,-1
vul3zp,1,0,1,1,1,1,1,1,0,1,1,0,1,0,0,0,-1,-1,-1,-1,-1,-1,-1,-1,-1,-1
sandy30716,1,1,1,1,1,1,0,0,0,1,0,0,0,0,0,0,-1,-1,-1,-1,-1,-1,-1,-1,-1,-1
kenvy1014,1,1,1,1,1,0,0,0,0,0,0,0,0,0,0,0,-1,-1,-1,-1,-1,-1,-1,-1,-1,-1
worlda,1,1,1,1,1,1,0,1,1,0,1,0,0,0,0,0,-1,-1,-1,-1,-1,-1,-1,-1,-1,-1
pedcheng,0,0,1,1,1,1,0,0,0,1,0,0,0,0,0,0,-1,-1,-1,-1,-1,-1,-1,-1,-1,-1
yoyocup,1,1,1,1,1,1,0,0,1,1,1,0,1,0,1,0,-1,-1,-1,-1,-1,-1,-1,-1,-1,-1
bewritten,1,0,1,1,1,1,0,0,1,0,0,0,1,0,0,0,-1,-1,-1,-1,-1,-1,-1,-1,-1,-1
wings9920,1,1,0,1,1,1,0,0,1,1,1,1,1,1,1,0,-1,-1,-1,-1,-1,-1,-1,-1,-1,-1
lonely11987,0,0,1,1,1,1,0,1,1,0,0,0,0,0,0,0,-1,-1,-1,-1,-1,-1,-1,-1,-1,-1
helpers,1,1,0,1,1,1,0,0,0,1,0,0,0,0,0,0,-1,-1,-1,-1,-1,-1,-1,-1,-1,-1
bluefool,1,1,1,1,1,0,0,0,0,1,0,0,1,0,0,0,-1,-1,-1,-1,-1,-1,-1,-1,-1,-1
jelly9150,1,1,1,1,1,0,1,1,0,0,0,0,0,0,0,0,-1,-1,-1,-1,-1,-1,-1,-1,-1,-1
mvpzax,1,1,1,1,1,1,0,1,0,1,1,0,0,0,0,0,-1,-1,-1,-1,-1,-1,-1,-1,-1,-1
ccc7038,1,1,1,1,1,1,0,1,1,0,1,0,1,0,0,0,-1,-1,-1,-1,-1,-1,-1,-1,-1,-1
s00888,1,1,0,1,1,1,0,0,1,1,0,0,0,0,0,0,-1,-1,-1,-1,-1,-1,-1,-1,-1,-1
hong07,1,1,1,1,1,1,0,0,0,0,1,0,1,0,0,0,-1,-1,-1,-1,-1,-1,-1,-1,-1,-1
Kazami,1,0,1,1,1,1,0,1,1,1,0,0,0,0,0,0,-1,-1,-1,-1,-1,-1,-1,-1,-1,-1
teruvis2001,1,0,1,1,1,1,0,0,0,1,0,0,0,1,0,0,-1,-1,-1,-1,-1,-1,-1,-1,-1,-1
plustw,1,1,1,1,1,1,0,1,0,1,0,0,0,0,0,0,-1,-1,-1,-1,-1,-1,-1,-1,-1,-1
cwt917661,1,0,1,1,1,1,0,1,1,1,0,0,1,0,0,0,-1,-1,-1,-1,-1,-1,-1,-1,-1,-1
rd1424,1,1,0,1,1,1,0,1,1,1,0,0,1,0,0,1,-1,-1,-1,-1,-1,-1,-1,-1,-1,-1
kirry,1,1,1,1,1,0,1,1,0,0,0,0,0,0,0,0,-1,-1,-1,-1,-1,-1,-1,-1,-1,-1
candc,1,0,1,1,1,0,0,0,0,0,0,0,0,0,0,0,-1,-1,-1,-1,-1,-1,-1,-1,-1,-1
tands900,1,1,1,1,1,1,0,1,1,1,1,0,1,0,0,0,-1,-1,-1,-1,-1,-1,-1,-1,-1,-1
pinky586228,1,0,1,1,1,1,0,0,1,1,1,1,1,1,1,0,-1,-1,-1,-1,-1,-1,-1,-1,-1,-1
lovehtkyann,1,1,1,1,1,0,0,1,1,0,1,1,1,1,1,0,-1,-1,-1,-1,-1,-1,-1,-1,-1,-1
joc,1,0,1,1,1,1,0,1,0,1,0,0,1,1,1,0,-1,-1,-1,-1,-1,-1,-1,-1,-1,-1
jim19881218,1,1,1,1,1,1,0,1,0,1,1,1,1,0,0,0,-1,-1,-1,-1,-1,-1,-1,-1,-1,-1
ml141291273,1,1,1,0,1,1,0,0,0,1,0,0,1,1,0,0,-1,-1,-1,-1,-1,-1,-1,-1,-1,-1
a29593574,1,1,1,1,1,1,1,1,1,1,0,0,0,0,0,0,-1,-1,-1,-1,-1,-1,-1,-1,-1,-1
tommyf22a,1,0,1,1,1,1,0,0,1,1,0,0,1,0,1,0,-1,-1,-1,-1,-1,-1,-1,-1,-1,-1
peter50216,1,1,0,1,1,0,0,0,0,0,0,0,0,0,0,0,-1,-1,-1,-1,-1,-1,-1,-1,-1,-1
timsheu,0,0,1,1,1,0,0,0,0,0,0,0,0,0,0,0,-1,-1,-1,-1,-1,-1,-1,-1,-1,-1
kutishno,1,0,1,1,1,1,0,0,1,1,1,1,1,1,0,0,-1,-1,-1,-1,-1,-1,-1,-1,-1,-1
leafspace,1,0,1,1,1,1,0,1,1,0,1,0,1,0,0,1,-1,-1,-1,-1,-1,-1,-1,-1,-1,-1
QingCheng,0,0,0,1,1,1,0,1,0,1,0,0,1,0,0,0,-1,-1,-1,-1,-1,-1,-1,-1,-1,-1
abstract1y,1,1,0,1,1,1,0,0,0,1,1,0,0,0,0,0,-1,-1,-1,-1,-1,-1,-1,-1,-1,-1
ciochg1730,1,1,1,1,1,1,0,1,0,1,0,0,1,0,0,0,-1,-1,-1,-1,-1,-1,-1,-1,-1,-1
jim90080,1,1,0,1,1,1,1,1,1,1,0,0,1,0,0,0,-1,-1,-1,-1,-1,-1,-1,-1,-1,-1
cathy5005,1,1,1,1,1,1,1,1,1,1,0,0,0,0,0,0,-1,-1,-1,-1,-1,-1,-1,-1,-1,-1
marimba,1,1,1,0,0,1,1,1,1,1,0,0,1,1,0,0,-1,-1,-1,-1,-1,-1,-1,-1,-1,-1
summerq,1,1,1,1,1,1,1,1,1,0,0,0,1,0,0,0,-1,-1,-1,-1,-1,-1,-1,-1,-1,-1
snowinder,1,1,0,1,1,1,1,1,1,0,0,0,1,0,0,0,1,1,0,0,0,0,0,0,0,0
k159357,1,1,1,1,1,0,0,0,0,0,0,0,0,0,0,0,0,0,0,0,0,0,0,0,1,1
twins,1,0,1,0,0,1,0,1,0,1,0,0,0,0,0,0,0,0,1,0,0,0,0,0,0,0
librajack,1,1,1,1,1,1,0,1,0,0,0,0,0,0,1,0,0,0,0,0,0,0,0,1,0,0
testdownup,1,1,1,1,1,0,1,1,0,0,0,0,0,0,0,0,0,0,0,0,0,0,0,0,0,0
leecd,1,1,1,1,1,1,1,1,0,1,1,1,1,1,0,1,0,0,0,0,0,1,0,0,1,0
jeffchou1014,1,0,1,1,1,1,0,0,1,0,1,1,1,0,0,0,0,0,0,0,0,0,0,0,0,0
technomage,0,1,0,1,1,0,0,0,0,1,0,0,1,0,0,0,1,1,0,0,0,0,0,0,0,0
JS1037,1,1,1,0,0,0,0,0,0,0,0,0,0,0,0,0,0,0,0,0,0,0,0,0,0,0
skybluejia,1,1,1,1,1,1,0,0,1,0,0,0,0,0,0,0,0,0,0,0,0,0,0,0,0,0
clamp3758,1,1,1,1,1,1,0,1,1,0,0,0,1,0,0,1,1,1,0,0,0,1,1,0,1,1
e224283,1,1,0,1,1,1,1,1,1,1,1,1,1,1,1,1,1,0,0,1,1,1,1,1,1,1
terrykyo,1,1,1,0,0,1,0,0,0,1,0,0,1,0,0,0,0,0,0,0,0,0,0,0,0,0
r79911,1,0,1,1,1,1,1,1,1,1,1,1,1,0,0,1,1,0,1,0,0,1,0,0,1,0
jojojoey,1,1,1,0,1,1,1,1,1,1,0,0,1,0,0,0,0,1,0,0,0,0,0,0,0,0
kimmywsion,1,1,0,1,1,1,1,1,0,1,1,1,1,0,0,1,1,0,1,0,0,0,0,0,1,1
sayune,1,1,0,1,1,1,1,1,0,0,1,0,1,0,0,0,0,0,0,0,0,1,0,0,0,0
ninijun,1,1,1,1,0,1,0,0,1,0,0,1,0,0,0,1,0,1,0,0,0,0,0,0,0,0
sagewhite,1,1,1,1,1,1,0,1,0,0,1,0,1,0,0,0,0,0,0,0,0,1,0,0,0,0
a123pooh,1,1,0,1,0,1,1,1,1,1,0,0,1,0,0,0,0,1,0,0,0,0,0,0,0,0
letsbfly,1,1,1,1,1,1,0,0,0,1,0,0,0,0,0,0,0,0,1,0,0,0,0,0,0,0
jeff16827,1,0,1,1,0,1,0,1,1,1,1,0,0,0,0,0,0,1,0,0,0,0,0,0,0,0
lovinggreen,1,1,1,1,1,1,1,1,0,1,1,0,1,0,0,0,0,0,1,0,0,0,0,0,0,0
nnw224,1,0,1,0,0,1,0,1,1,1,0,0,0,0,1,0,0,1,0,0,0,0,0,0,0,0
yryr,1,1,1,1,0,0,0,1,0,0,0,0,0,0,0,0,0,0,0,0,0,0,0,0,0,0
souvenirmine,0,0,1,1,1,1,0,0,1,0,0,0,1,1,1,0,1,0,0,0,0,0,0,0,0,0
winniemylove,1,1,1,1,1,1,0,1,1,1,0,0,1,0,0,0,1,1,1,0,1,1,0,0,0,1
louen,1,1,0,1,1,1,1,1,0,0,0,0,1,0,0,0,0,0,1,0,0,0,0,0,0,0
j6m4c06,0,0,1,1,1,0,0,0,0,0,0,0,0,0,0,0,0,0,0,0,0,0,0,0,0,0
amanoalashi,1,1,1,0,0,1,0,1,0,1,0,0,1,0,0,0,0,0,0,0,0,1,0,0,0,0
gymnasticss,0,0,1,0,1,1,0,0,1,1,0,0,0,0,0,0,0,0,0,0,0,0,0,0,1,0
emperor613,1,1,1,0,1,0,0,0,0,0,0,0,0,0,0,0,0,0,0,0,0,0,0,0,0,0
lunacystyle,1,1,1,1,1,1,0,1,0,1,0,0,0,0,0,0,0,0,1,0,0,0,0,0,0,0
sheng,0,0,1,1,0,0,0,0,0,0,1,1,0,0,0,0,0,0,0,0,0,0,0,0,0,1
moses5376,1,1,1,1,1,1,0,0,0,1,0,0,1,0,1,0,1,0,0,0,0,0,0,1,0,0
ich615,1,1,1,1,1,1,0,0,0,1,1,0,1,1,0,0,0,0,1,0,0,0,0,0,0,0
ave01013,1,1,1,0,1,1,1,1,1,1,0,0,0,0,0,1,0,1,1,0,0,0,1,0,1,0
garland,1,1,1,0,1,1,1,1,1,1,0,0,1,0,0,0,0,1,1,0,0,0,0,0,0,0
fantasyplaza,1,1,0,1,1,1,0,0,1,0,1,0,0,0,0,0,0,0,0,1,0,0,0,0,0,0
su78211,1,1,0,1,1,1,0,1,0,1,1,1,1,0,0,0,0,0,0,0,0,1,0,0,0,0
wen1612,1,1,1,1,1,0,0,1,0,0,0,0,0,0,0,0,0,0,0,0,0,0,0,0,0,0
megmeg4222,1,1,0,1,1,1,1,1,1,1,0,0,1,0,0,0,0,0,0,0,1,0,0,0,0,0
clair822000,1,1,0,1,0,1,0,1,1,1,1,1,1,0,0,0,0,1,0,0,0,0,0,0,0,0
faroecd,1,1,1,1,1,1,0,0,0,1,1,0,1,0,0,0,0,0,0,0,0,0,0,0,0,0
kiuj,1,1,1,1,1,1,0,0,1,1,0,0,1,0,0,0,1,1,0,0,0,0,0,0,0,0
karo,1,1,1,1,1,1,0,0,0,1,1,0,1,0,0,0,0,0,0,0,0,0,0,0,0,0
lry,1,1,1,1,1,1,0,0,1,1,1,0,1,0,1,0,0,0,1,0,0,0,0,0,0,0
ch190004,0,0,0,1,1,1,0,0,1,1,1,0,1,0,0,0,0,0,0,0,0,0,0,0,1,1
energy0818,1,1,1,1,1,1,0,0,0,1,1,0,1,0,0,0,0,0,0,0,0,0,0,0,0,0
aschild,1,1,1,1,1,1,1,1,1,1,0,1,0,1,0,1,1,0,1,0,0,0,0,0,0,0
lori7906,1,1,1,1,1,1,0,1,1,1,1,1,1,0,0,0,1,1,0,0,0,0,0,0,0,0
xinwusas,1,1,1,1,1,1,0,0,0,1,0,0,1,0,0,0,0,0,0,0,0,0,0,0,0,0
freshnew,1,1,1,0,0,0,1,1,0,0,0,0,0,0,0,0,0,0,0,0,0,0,0,0,0,0
www31302,1,0,1,1,1,0,0,0,0,0,0,0,0,0,0,0,0,0,0,0,0,0,0,0,0,0
coolshuan,0,0,1,1,1,1,0,0,0,1,1,0,1,0,0,0,0,0,0,0,0,0,0,0,0,0
aaaykk,1,1,1,1,1,1,0,0,0,1,1,0,1,0,0,0,0,0,0,0,0,1,0,0,0,0
eric720329,1,1,1,1,1,0,0,0,1,0,0,0,0,0,0,0,0,0,0,0,0,0,0,0,0,0
jetaimegirl,1,1,1,1,1,0,0,1,0,0,0,0,0,0,0,0,0,0,0,0,0,0,0,0,0,0
james851022,1,1,0,0,0,0,0,1,0,0,0,0,0,0,0,0,0,0,0,0,0,0,0,0,0,0
a7725a,1,0,1,1,1,1,0,1,1,1,1,1,1,1,0,1,0,0,0,0,0,1,0,0,1,1
julian1002,1,0,1,1,0,1,0,1,0,1,0,0,1,1,1,1,0,1,0,0,0,0,0,0,1,0
sunny0405,1,0,1,1,1,1,0,0,0,1,1,0,1,0,0,0,0,0,0,1,0,0,0,0,0,0
rickj,1,1,1,0,0,1,0,1,0,1,0,0,0,1,0,0,0,0,0,0,0,0,1,0,0,0
nou,1,1,0,1,1,0,0,1,0,0,0,0,0,0,0,0,0,0,0,0,0,0,0,0,0,0
azoe38,1,1,1,1,1,1,0,1,0,1,1,1,1,0,0,0,1,1,0,0,0,0,0,0,0,0
ayako66,1,0,1,1,1,1,0,0,0,1,1,0,0,0,0,0,0,0,0,0,0,0,0,0,0,0
agmffa,1,1,1,1,1,1,0,0,1,1,1,1,1,0,0,0,0,0,0,0,0,0,0,0,0,0
ally,1,1,0,1,1,1,0,1,0,1,0,0,0,0,0,0,0,0,1,0,0,0,0,0,0,0
che2005,1,1,1,1,1,1,0,1,0,1,1,0,0,0,0,0,0,0,0,0,0,0,0,0,0,0
timimin,1,1,0,1,1,1,0,1,0,0,1,1,1,0,1,0,0,0,0,0,0,0,0,0,0,0
c19870301,1,1,1,1,1,1,0,0,0,0,0,0,1,0,0,1,1,0,0,0,0,0,0,0,0,0
minihsw,1,1,0,1,1,0,1,1,0,0,0,0,0,0,0,0,0,0,1,0,0,0,0,0,0,0
phantomconni,1,1,1,1,1,1,0,1,1,0,1,0,1,0,0,0,1,1,0,1,0,1,0,0,0,0
chieh40,1,0,1,1,1,1,0,1,0,1,0,0,0,0,0,0,0,1,0,0,0,0,0,0,0,0
lasaibear,1,1,1,1,1,1,0,1,0,1,1,1,1,0,0,0,0,0,0,0,0,0,0,1,1,1
mania6202000,1,0,1,1,0,1,0,1,1,1,1,0,0,0,0,0,0,1,1,0,0,0,0,0,0,0
janet98746,1,1,0,1,1,1,0,1,0,1,1,0,1,0,0,0,0,0,0,0,0,1,0,0,0,0
ZITAN,1,1,0,1,1,0,0,0,0,0,0,0,0,0,0,0,0,0,0,0,0,1,0,0,0,0
setzermulder,1,1,0,1,1,0,0,0,0,0,0,0,0,0,0,0,0,0,0,0,0,0,0,0,0,0
grosl,0,1,1,1,1,1,0,1,1,0,0,0,0,1,1,0,0,0,0,1,1,0,0,0,1,0
ryen,1,1,1,1,0,1,0,0,0,1,0,0,0,0,0,0,0,0,1,0,0,0,0,0,0,0
peter80142,1,0,1,0,0,1,0,1,0,1,1,0,1,0,0,0,0,0,1,0,0,0,0,0,0,0
eken7471,1,1,1,1,1,1,1,1,0,0,0,0,1,0,0,0,0,1,0,0,0,0,0,0,0,0
tomoyo,1,1,1,1,1,1,0,1,1,1,0,0,1,0,0,0,0,0,0,0,0,0,0,0,0,0
yuchiahuang,0,0,1,1,1,1,0,1,1,1,1,1,1,1,1,1,1,0,0,0,0,1,0,0,0,0
kkkhsu,1,1,1,1,1,1,0,1,0,1,1,0,0,0,0,0,1,0,1,0,0,0,0,0,0,0
cythilya,1,1,1,0,0,1,0,1,1,1,0,0,1,0,0,0,0,1,1,0,0,1,0,0,0,0
wenplay,1,1,1,1,1,1,0,0,1,1,1,1,1,0,0,0,0,1,0,0,0,0,0,0,0,0
deborah62005,1,1,1,1,1,1,0,0,1,1,1,1,1,0,0,0,1,0,0,0,0,0,0,0,0,0
